front
m 11.341121,627.92796 c 49.918054,1.2347 154.869439,-1.1501 234.420829,-21.082 0,0 -4.11586,-76.96553 -17.52142,-143.9933 -13.40555,-67.02778 -16.22778,-118.76969 -5.17384,-240.35984 -17.16863,-2.35197 -46.33171,-26.10556 -46.56666,-61.14803 -0.23531,-35.04283 14.81666,-84.901967 28.69247,-118.063077 -22.10752,-10.34803 -49.38924,-23.51864 -55.97419,-26.34086 -13.40555,28.69283 -23.28333,43.50949 -37.86469,55.50394 -14.581365,11.99444 -39.906223,27.853917 -99.172888,27.618617 v 527.86455 h -0.839611
M 0.16059435,657.57576 C 0.06921435,479.9761 -1.2001996,264.11163 -1.2245196,86.511913 c 27.4539736,0.71268 55.7333766,-0.2098 81.5013096,-10.73284 22.47499,-9.02169 39.55012,-28.33832 49.73395,-49.92991 4.27658,-8.82943 8.59698,-17.62086 12.65053,-26.55602005 26.83553,11.91341005 53.1442,24.96665005 79.81665,37.23598005 -15.99073,37.87613 -29.65163,77.522527 -32.38474,118.779287 -2.37654,22.32451 11.50521,46.06642 33.09099,53.35559 4.49079,0.80751 10.12259,1.58644 12.40027,6.14465 2.84854,5.91051 -0.0666,12.43509 0.047,18.59329 -5.79218,66.03325 -10.17697,133.06082 0.78737,198.7797 6.65301,39.41251 14.88315,78.66906 18.1602,118.57468 2.25408,22.08864 7.4705,65.59094 8.8136,87.75244 -51.12738,13.4591 -267.5020506,25.0954 -263.23200565,19.067 z

back
m -55.747892,627.44608 c -49.918058,1.23472 -177.623638,-5.11528 -233.538838,-23.28333 -0.5292,-43.92083 11.443,-95.65252 20.9902,-163.3361 9.8778,-70.02639 10.0542,-96.83751 0.882,-218.19482 38.1,-10.93611 52.1525,-40.15775 49.5653,-80.96248 -2.2705,-35.80659 -5.3503,-66.851424 -19.2264,-100.012146 22.1075,-10.34803 49.8595,-21.51944 56.4444,-24.34167 28.0458,38.62917 74.78889,41.274652 124.883338,37.39445 V 627.44608
m -297.75773,635.41026 c -1.1397,-49.12549 8.6756,-121.34456 15.7615,-169.65279 8.2858,-50.56441 13.91,-101.93116 10.5332,-153.21918 -1.2125,-30.67501 -4.0888,-61.26962 -5.8634,-91.90639 0.7646,-4.96813 5.7702,-8.09979 10.4886,-8.46577 17.3506,-5.14524 32.3024,-19.34208 36.4396,-37.2444 5.1294,-18.72696 2.3323,-38.36868 0.8047,-57.44979 -2.3619,-25.733974 -7.4368,-51.489644 -17.9507,-75.182986 -1.0001,-4.96252 3.2454,-9.60243 7.9551,-10.46603 20.7599,-9.29855 41.7237,-18.12964 62.7603,-26.7816504 12.2374,21.9032604 36.031,35.6217004 60.55517,38.8686304 20.862258,3.76357 42.172428,1.51712 63.256018,1.32598 5.77998,1.69895 8.56495,8.57342 7.26433,14.139372 -0.25608,192.566274 0.86025,404.265094 0.77272,596.831444 -84.173758,1.80926 -183.154738,-6.27444 -252.777138,-20.79644 z

sleeve
m 449.82873,14.091784 c -30.27997,0 -51.50555,9.405055 -84.02002,58.441165 -20.4022,28.575001 -24.08061,43.215281 -78.99612,73.849791 43.83617,170.50914 39.36753,429.27163 39.36753,429.27163 H 593.4682 c 0,-9.525 -4.40973,-278.63552 22.57777,-436.32648 C 583.9432,123.92209 577.35789,116.98295 539.84598,74.296838 502.33406,31.610728 480.10906,14.091784 449.82873,14.091784 Z
m 316.15891,584.81567 c 1.10172,-118.63397 -4.44095,-237.57802 -22.38658,-354.91762 -4.80416,-29.71762 -10.79701,-59.25022 -18.40268,-88.38761 21.72292,-12.32496 44.36223,-24.6201 60.54756,-44.099976 18.9085,-23.77579 32.94154,-51.63229 55.86547,-72.06196 23.00915,-21.3890998 58.544,-27.1050098 87.49449,-15.3979798 10.94109,4.2465598 20.73745,10.9491298 29.49769,18.6841398 27.99278,23.35346 48.62534,53.95863 75.26048,78.671806 10.43711,9.46342 22.48427,17.00318 35.38767,22.68212 2.5254,1.21188 5.0594,2.40584 7.5896,3.60777 -17.1512,101.62676 -20.4633,204.91728 -23.1338,307.7738 -0.9103,48.04793 -0.9533,116.27651 -0.4396,164.32933 l -287.29135,0.53901 c 0.004,-0.23886 0.007,-21.18397 0.0109,-21.42283 z